3
2
4
923
2
4
923
2
4
923
2
4
923
2
4
923
2
4
923
2
4
923
2
4
923
2
4
923
2
4
923
2
4
923
2
4
923
2
4
923
2
4
923
2
4
923
2
4
923
2
4
923
2
4
923
2
4
923
2
4
923
2
4
923
2
4
923
2
4
923
2
4
923
2
4
923
2
4
923
2
4
923
2
4
923
2
4
923
2
4
923
2
4
923
2
4
923
2
4
923
2
4
923
2
4
923
2
4
923
2
4
923
2
4
923
2
4
923
2
4
923
2
4
923
2
4
923
2
4
923
2
4
923
2
4
923
2
4
923
2
4
923
2
4
923
2
4
923
2
4
923
2
4
923
2
4
923
2
4
923
2
4
923
2
4
923
2
4
923
2
4
923
2
4
923
2
4
923
2
4
923
2
4
923
2
4
923
2
4
923
2
4
923
2
4
923
2
4
923
2
4
923
2
4
923
2
4
923
2
4
923
2
4
923
2
4
923
2
4
923
2
4
923
2
4
923
2
4
923
2
4
923
2
4
923
2
4
923
2
4
923
2
4
923
2
4
923
2
4
923
2
4
923
2
4
923
2
4
923
2
4
923
2
4
923
2
4
923
2
4
923
2
4
923
2
4
92
